=== Confusion Matrix ===

   a   b   c   d   e   f   g   h   i   j   k   l   m   n   o   p   q   r   s   t   u   v   w   x   y   z  aa  ab  ac  ad  ae  af  ag  ah  ai  aj  ak  al  am  an  ao  ap  aq  ar  as  at  au  av  aw  ax  ay  az  ba  bb  bc  bd  be  bf  bg  bh  bi  bj  bk  bl  bm  bn  bo  bp  bq  br  bs  bt  bu  bv  bw  bx  by  bz  ca  cb  cc  cd  ce  cf  cg  ch  ci  cj  ck  cl  cm  cn  co  cp  cq  cr  cs  ct  cu  cv  cw  cx   <-- classified as
  39   0   2   0   0   0   0   0   0   0   0   0   0   0   0   0   0   0   0   1   0   1   0   2   0   0   1   0   0   0   0   0   0   0   1   0   1   0   0   7   0   0   0   0   1   0   0   0   1   2   0   0   0   0   0   0   0   0   0   0   0   0   1   0   1   0   0   0   0   0   0   0   0   0   0   0   0   0   0   0   0   0   0   0   0   0   0   0   0   0   0   0   0   2   1   0   0   0   0   0   0   0 |   a = stop_sign
   0  13   0   0   2   0   0   7   0   0   0   0   0   1   0   0   0   0   1   0   0   2   1   0   0   0   0   0   1   0   0   1   0   0   2   0   0   0   0   5   0   0   0   0   0   0   0   0   0   1   1   0   0   0   0   2   0   0   0   0   0   1   0   0   0   0   0   0   1   0   1   0   0   1   1   2   1   0   0   0   0   7   0   0   0   2   4   0   0   0   0   0   2   3   0   0   0   0   0   0   0   0 |   b = lotus
   0   0  18   0   0   1   0   0   1   0   0   0   0   0   0   1   0   9   0   0   0   1   1   0   0   0   0   0   0   1   0   1   0   0   0   0   0   0   0  11   1   0   1   0   1   0   0   0   0   7   0   2   0   0   0   1   0   2   0   0   0   0   0   2   1   0   0   0   0   0   0   1   0   0   0   0   0   0   0   0   0   0   0   0   0   0   1   0   0   0   0   0   1  13   1   0   1   0   0   0   0   0 |   c = laptop
   0   0   0   5   1   0   0   1   0   0   0   0   0   0   0   0   0   0   0   0   0   1   1   0   0   3   4   0   0   2   0   0   0   0   0   0   0   1   1   0   0   0   0   0   1   3   4   0   1   0   0   0   1   0   0   0   0   0   0   0   2   0   0   2   0   0   1   0   0   0   2   0   0   0   0   2   1   0   0   0   0   0   1   0   0   0   1   0   4   0   0   0   0   0   0   0   0   0   0   0   0   4 |   d = crocodile
   1   1   0   0  18   0   2   2   0   0   0   0   1   0   1   5   0   3   0   1   0   9   0   0   1   1   1   0   0   1   0   1   0   0   2   0   0   0   0  21   1   0   0   0   2   0   0   1   4   3   1   1   0   0   0   0   0   0   1   0   2   2   0   1   0   0   1   0   0   0   0   0   0   0   0   0   0   0   1   0   0   0   0   0   0   0   1   0   5   1   4   0   0   1   1   0   0   0   0   0   0   1 |   e = chandelier
   0   0   1   1   0   3   0   0   0   1   0   0   0   0   0   1   0   6   0   0   0   4   0   2   1   0   0   0   0   0   0   0   1   1   1   0   0   0   0  10   0   0   0   0   0   0   0   1   0   2   0   1   1   0   3   0   1   0   0   0   0   1   1   1   2   0   0   0   0   0   0   0   0   0   0   0   0   1   0   1   0   0   0   1   0   0   2   0   0   0   0   2   0   8   0   0   0   0   0   0   0   0 |   f = chair
   0   0   0   1   2   0  20   4   0   0   0   0   0   0   2   0   1   0   2   0   0   2   0   0   0   0   0   0   0   2   0   0   0   0   0   0   0   3   0   2   0   0   0   0   0   2   2   0   0   0   2   0   1   0   0   0   0   0   0   0   2   0   0   1   0   0   0   0   0   0   0   0   0   0   0   0   0   0   0   0   0   0   0   1   0   1   0   0   3   4   3   0   0   1   0   0   0   0   0   0   0   0 |   g = joshua_tree
   0   5   1   0   1   0   1  43   0   0   0   1   0   0   4   0   0   0   1   0   0   0   0   0   0   0   1   0   0   3   0   0   0   0   0   1   0   0   0   8   0   0   1   0   0   0   0   0   0   0   0   0   1   0   0   0   0   0   0   0   0   0   0   1   0   0   0   0   1   1   0   0   0   0   0   0   0   0   0   0   0   3   0   0   0   0   2   0   0   0   3   0   0   1   0   0   0   0   0   0   1   0 |   h = sunflower
   2   0   2   0   1   2   0   1   1   0   0   1   0   0   0   0   0   6   0   0   0   4   0   0   1   0   0   0   1   1   0   3   0   1   0   0   0   0   1   4   0   1   0   1   1   0   0   0   0   0   0   0   0   1   0   0   0   1   0   0   0   1   0   0   1   1   0   0   0   0   1   1   0   0   0   1   1   0   0   1   1   1   0   0   0   0   1   0   0   0   0   0   0   5   1   1   1   1   0   0   0   0 |   i = cup
   0   0   0   0   0   0   0   0   0   1   0   0   0   0   0   0   0   3   0   0   2   1   0   1   0   0   0   0   1   3   0   0   0   0   0   0   1   0   0   7   3   1   1   0   0   0   0   0   2   0   0   0   0   0   0   0   1   0   0   0   0   0   0   1   0   0   0   0   0   2   0   0   0   0   0   0   0   0   0   0   0   1   0   0   0   0   3   0   0   0   0   0   2   5   0   0   0   0   0   0   1   0 |   j = mandolin
   0   2   0   1   2   1   1   0   0   0   8   0   0   0   0   0   0   0   0   1   3   5   0   0   1   4   0   0   0   3   0   0   0   0   0   1   0   0   0   2   1   0   0   0   0   0   2   0   1   0   1   0   1   0   3   0   0   0   0   0   1   2   0   6   0   0   2   0   0   1   0   0   0   1   0   0   1   1   0   1   0   0   0   0   0   0   5   1   5   1   2   0   2   6   0   1   1   0   0   0   0   0 |   k = scorpion
   0   1   1   0   2   0   1   1   0   0   2   5   1   0   0   0   0   2   0   0   1   6   0   2   0   0   1   0   1   1   2   0   2   0   0   1   0   1   1   1   2   1   0   1   1   0   0   0   1   0   1   2   0   0   0   0   0   0   0   0   2   0   1   3   0   1   1   1   1   0   1   1   1   1   1   0   0   3   1   1   0   1   0   0   1   1   4   2   1   0   3   0   1   4   1   1   0   0   0   0   0   0 |   l = ewer
   0   0   0   0   0   0   0   0   0   0   0   0  10   1   0   1   0   2   0   0   0   0   1   0   1   1   0   0   0   0   0   2   0   0   0   0   0   0   0   4   0   0   0   0   1   0   1   0   0   3   0   0   0   0   0   0   0   0   0   0   0   1   0   0   0   0   1   0   0   0   0   0   0   0   3   0   2   1   0   1   0   0   0   0   0   0   2   0   0   0   0   0   0  16   0   0   7   0   0   0   1   0 |   m = schooner
   0   1   1   0   0   0   0   1   0   0   0   1   6   1   0   0   0   4   0   0   1   4   0   1   1   0   1   0   0   0   0   0   0   0   0   0   0   0   2   3   0   2   0   0   0   2   2   0   1   1   0   0   0   1   0   0   0   0   0   0   1   1   0   0   2   0   0   0   0   0   0   0   0   0   0   0   4   0   0   1   1   0   0   0   1   0   7   1   0   0   0   0   4   6   0   0   1   0   0   0   0   1 |   n = dragonfly
   0   1   0   0   2   1   1   5   0   0   0   0   0   0   5   0   0   0   1   0   0   4   0   0   0   0   1   0   0   0   0   0   2   0   3   0   0   0   0   2   3   0   0   1   0   1   0   0   1   3   0   0   0   0   0   0   0   0   0   0   0   0   0   0   1   0   0   0   1   0   1   1   0   0   0   0   0   0   0   0   0   2   3   0   0   0   3   3   0   0   1   0   0   5   0   0   0   0   0   0   0   1 |   o = stegosaurus
   1   0   2   0   8   1   0   0   0   0   0   0   2   2   0  16   0   4   0   4   0   2   0   0   2   0   0   1   0   1   0   0   0   0   0   0   0   0   0  14   0   0   0   0   0   0   1   1   0   1   0   1   0   0   0   0   3   0   0   0   0   1   1   1   2   0   1   1   0   0   0   0   1   0   0   0   0   0   0   1   1   0   0   0   3   0   1   0   0   0   0   2   0   4   0   0   0   0   0   0   0   0 |   p = menorah
   0   0   0   1   2   1   1   0   0   0   2   0   0   0   0   0   0   3   0   0   0   2   1   0   1   0   0   0   0   1   0   0   0   0   3   0   0   0   0   7   0   0   0   0   0   1   0   0   1   3   0   0   0   0   0   1   0   0   0   0   0   0   0   1   0   0   0   0   0   0   0   0   0   0   0   0   0   0   0   0   1   0   0   0   1   0   3   0   0   0   0   0   0   2   1   1   0   0   0   0   1   1 |   q = cannon
   0   0   5   0   0   0   0   0   0   0   1   0   2   0   0   4   1 103   0   1   0  11   1   2   1   0   1   0   3   1   1   1   1   0   3   0   1   0   0  29   1   0   0   0   0   0   1   0   1   8   0   2   0   0   0   1   0   0   0   1   0   2   0   0   0   1   2   1   0   0   0   3   0   0   0   0   2   0   0   2   0   0   0   0   1   0   3   0   0   1   0   0   3  27   1   1   0   0   0   1   0   0 |   r = watch
   0   2   0   2   1   0   2   3   0   0   1   0   0   0   0   0   0   0   6   0   0   2   0   0   0   0   1   0   0   1   0   0   0   0   4   0   0   0   0   5   1   0   0   0   0   0   0   0   0   0   1   0   0   0   0   0   0   0   2   0   2   0   1   1   0   0   1   0   1   0   0   0   0   0   1   0   1   0   0   0   0   0   1   0   0   0   1   1   4   1   4   0   0   2   0   0   0   0   0   0   0   1 |   s = sea_horse
   0   0   0   0   0   0   0   0   0   0   0   0   1   0   0   1   0   0   0  13   0   0   0   0   0   0   0   0   0   0   0   1   0   0   0   0   0   0   0   8   0   0   1   0   0   0   0   0   0   0   0   0   0   0   0   0   0   0   0   0   0   0   0   1   0   0   0   0   0   0   0   0   0   0   0   0   0   0   2   0   1   0   0   0   0   1   0   0   0   0   0   3   0   1   0   0   0   1   0   0   0   0 |   t = snoopy
   0   0   0   0   0   0   0   0   1   0   1   2   2   1   0   0   0   1   0   0  13   4   1   0   2   1   0   0   0   0   0   0   0   0   0   0   0   0   0   1   0   0   0   0   0   1   1   0   0   1   0   1   0   0   0   0   0   0   0   0   0   1   0   1   0   0   0   0   0   0   1   0   0   0   1   0   0   0   1   0   0   0   0   0   0   0   4   0   0   1   0   0   0   4   0   0   0   0   0   0   1   0 |   u = tick
   2   1   1   0   7   1   2   1   0   0   0   1   2   0   2   1   0  14   0   0   3 637   2   0   1   0   1   1   2   2   1   0   2   0   5   0   1   2   3  26   0   0   0   1   0   2   1   0   1  11   2   0   1   2   0   0   0   0   1   0   1   0   0   0   0   0   0   0   0   0   3   3   1   0   0   0   1   3   2   4   0   0   0   0   0   1   3   0   1   3   3   0   1  20   0   2   0   0   0   0   0   0 |   v = Motorbikes
   0   1   0   0   0   0   0   0   1   0   2   0   1   0   0   0   1   0   1   0   2   9   2   0   1   0   0   0   0   0   0   0   0   0   3   0   1   0   2   2   0   1   0   1   0   1   1   0   3   1   0   0   0   2   0   0   0   2   1   1   0   0   0   1   0   0   0   0   1   0   2   0   0   0   2   0   0   1   0   1   0   0   1   0   0   0   3   0   1   0   0   0   0   4   0   0   2   1   0   1   2   1 |   w = flamingo
   1   0   0   0   1   0   0   0   0   0   0   1   1   1   0   1   0   0   0   1   0   4   0   6   0   0   0   0   0   0   0   1   0   1   0   0   0   0   0   2   0   0   1   0   0   0   0   0   0   2   0   0   0   0   2   0   0   1   0   2   0   1   0   0   1   0   0   2   0   0   0   0   0   0   0   1   0   0   0   0   1   0   0   0   0   0   0   0   0   0   0   0   0   9   0   0   1   0   0   0   0   0 |   x = stapler
   1   0   1   0   0   0   0   0   1   0   1   0   1   0   0   3   1   1   0   0   0   1   0   0  52   1   0   1   0   4   0   2   0   0   0   0   0   0   0   7   2   0   0   0   0   0   0   0   0   1   0   1   1   0   0   1   0   0   0   0   0   0   0   0   0   0   0   0   0   0   0   0   0   0   1   0   2   1   0   1   1   0   0   1   0   0   3   0   0   2   0   0   0   0   0   0   1   0   0   0   0   1 |   y = brain
   0   0   0   4   0   0   2   0   0   0   0   0   0   1   0   0   0   0   0   0   0   1   0   0   0   6   2   0   1   0   0   0   0   1   0   0   0   3   1   5   4   0   0   0   2   2   4   0   2   0   0   0   2   0   0   0   0   0   0   0   1   0   0   1   0   0   1   0   2   0   0   0   0   0   0   0   0   1   0   0   0   0   0   0   0   0   0   0   3   0   0   0   0   0   0   0   0   0   0   0   0   1 |   z = emu
   0   1   0   7   0   0   2   1   0   0   1   0   0   0   0   0   1   0   1   0   0   4   0   0   0   4   8   0   0   0   0   0   0   2   1   0   0   1   0  10   0   0   0   0   1   5   0   0   1   3   1   0   0   1   0   0   0   0   0   0   0   1   0   1   0   0   0   0   1   0   1   0   0   0   0   0   0   0   0   0   0   0   0   0   0   0   1   5   5   0   2   0   0   2   0   0   0   0   1   0   0   2 |  aa = llama
   1   0   0   0   0   0   0   0   0   0   0   0   2   0   0   0   0   1   1   0   1   5   1   0   0   0   1   3   0   0   0   0   0   0   2   1   0   0   1   6   0   0   0   0   0   0   0   0   0   3   0   0   0   0   0   0   0   0   0   0   0   1   0   0   0   0   0   0   0   0   0   0   0   0   1   0   0   0   0   3   0   0   0   0   0   0   2   0   0   0   0   0   0   3   0   0   0   0   0   0   1   0 |  ab = saxophone
   0   0   0   1   0   0   0   0   2   0   0   1   2   1   0   0   0   0   1   0   0   2   0   0   0   0   0   0   2   0   0   0   1   0   0   0   1   1   0   3   0   0   0   0   0   0   0   1   0   2   0   0   0   0   0   0   0   0   0   0   2   0   1   0   0   0   1   0   0   0   2   0   0   0   0   0   0   1   0   0   0   0   0   0   0   2   3   1   0   0   1   0   0   6   0   0   0   2   0   0   0   0 |  ac = brontosaurus
   0   1   0   0   3   0   3   0   0   2   1   1   0   1   0   0   1   0   0   2   1  10   0   1   4   0   1   0   1   8   0   0   0   0   0   0   0   0   0  15   0   0   1   0   0   2   0   0   1   2   0   0   0   0   0   1   1   0   0   0   1   0   2   2   0   0   0   0   0   0   0   0   0   0   1   0   1   0   0   0   0   1   0   0   0   0   1   0   2   0   3   0   2   6   1   1   0   1   0   0   1   1 |  ad = butterfly
   0   0   0   0   1   1   1   0   1   0   0   0   0   1   1   1   0   1   0   0   0   4   0   0   1   0   0   1   0   0   0   0   0   0   1   0   0   0   0   6   1   0   0   0   0   1   0   0   0   0   0   0   0   0   0   0   0   0   1   0   0   2   0   0   0   0   0   0   0   0   0   0   0   0   0   1   1   1   0   1   0   0   1   0   0   0   5   0   1   0   2   0   0   2   0   0   0   0   0   0   0   0 |  ae = lobster
   0   0   1   1   1   0   0   1   0   0   0   1   0   1   1   1   0   2   1   1   1   1   0   5   1   0   0   0   0   0   0  11   1   0   0   1   1   0   0   8   1   0   3   0   0   0   0   0   1   0   1   0   0   0   2   4   3   0   0   1   0   0   1   1   2   1   0   1   0   0   0   0   0   0   1   0   0   0   0   0   0   0   0   0   0   0   4   0   0   0   0   0   0   5   0   0   0   1   0   0   0   0 |  af = umbrella
   0   0   0   0   0   0   0   0   1   0   0   1   0   0   0   0   0   7   0   0   0   2   0   1   0   0   0   0   1   0   0   0   0   0   0   0   0   0   3   8   1   0   0   0   0   0   0   0   2   0   0   0   0   0   0   1   0   0   0   1   0   2   0   1   2   0   0   0   0   0   0   1   0   2   0   0   0   0   1   0   0   0   0   1   0   2   1   0   0   0   0   0   0   8   0   0   0   1   0   0   0   0 |  ag = gramophone
   0   0   0   0   0   0   0   0   0   0   1   0   0   0   0   0   1   0   0   0   1   0   0   0   0   1   0   0   0   0   0   0   0   7   0   0   0   2   0   5   1   0   2   0   0   0   0   0   0   0   2   0   0   0   0   1   0   1   0   0   1   0   0   1   0   0   0   0   0   0   1   0   0   0   0   0   0   1   0   0   0   0   0   0   0   1   2   1   2   0   1   0   1   0   0   0   0   0   1   0   0   0 |  ah = panda
   1   0   0   0   2   0   2   1   0   1   0   0   0   0   1   0   0   3   3   0   0  13   1   0   0   0   1   0   0   0   1   0   1   0  46   0   0   0   2  14   0   0   0   1   0   0   0   0   1   6   0   0   1   0   0   0   0   0   1   0   1   0   1   0   1   0   0   0   1   0   0   0   0   0   0   0   0   0   0   0   0   0   0   0   0   0   1   1   0   1   3   0   0   9   0   0   0   0   0   0   1   0 |  ai = car_side
   0   0   0   1   0   0   0   0   0   1   0   0   0   0   0   1   0   0   2   0   0   0   0   0   0   1   0   0   1   0   0   0   0   0   0   0   0   0   1   6   0   1   1   0   0   1   3   1   1   1   1   0   0   0   0   0   0   0   0   0   2   1   2   4   0   0   0   0   0   0   0   0   0   0   0   0   0   0   0   0   1   0   0   0   0   1   2   1   0   1   1   0   0   3   0   0   1   0   0   0   1   0 |  aj = pigeon
   1   1   0   0   1   1   0   0   0   0   1   0   0   0   0   2   0   8   0   0   0   8   0   1   0   0   1   0   0   0   0   1   0   1   3   0   7   0   0   8   0   0   1   1   0   0   0   0   0   5   0   0   0   1   1   0   0   0   0   1   0   2   0   1   3   1   0   0   0   0   0   0   0   1   0   0   0   0   0   0   0   0   0   0   1   0   2   0   1   0   0   0   0  14   0   0   0   1   0   0   0   0 |  ak = revolver
   0   0   0   3   1   0   3   1   0   0   0   0   0   0   0   0   0   0   0   0   0   1   1   0   0   2   7   0   1   1   0   0   0   2   0   0   0   8   1   3   0   1   0   0   1   0   1   0   1   2   0   0   0   0   0   0   0   0   0   0   0   0   2   1   0   0   0   0   0   0   2   0   0   0   0   0   0   1   0   0   0   0   4   0   0   0   3   1   0   0   3   0   0   0   0   0   0   0   0   1   0   0 |  al = rhino
   1   0   0   0   1   0   2   0   0   0   2   3   0   0   1   0   1   0   0   0   0   8   1   1   1   1   1   0   1   0   1   0   0   0   1   0   0   1   7  11   1   2   0   0   1   0   1   0   4   1   1   0   0   1   0   0   0   0   0   1   2   0   0   1   1   0   2   0   0   1   0   0   0   1   0   0   2   1   0   1   1   0   0   0   0   0   5   0   2   0   3   0   0   2   1   0   0   0   0   0   0   0 |  am = buddha
   8   2   1   0   8   0   4   3   2   0   0   0   3   2   2   9   2  18   3   3   0  35   1   1   6   3   3   0   0   7   0   5   1   1  12   0   3   0   1 190   3   2   0   1   1   3   1   2   3  15   0   7   1   0   1   1   3   2   0   3   1   1   1   6   1   0   0   1   0   3   2   0   0   1   1   1   5   0   0   1   1   0   1   0   2   2   6   2   2   1   9   2   2  19   1   0   0   0   0   0   1   2 |  an = BACKGROUND_Google
   1   0   1   0   1   0   4   1   0   0   1   0   0   0   0   0   2   1   3   1   0   3   0   0   5   0   1   0   0   0   0   0   0   1   2   0   0   3   1   3 120   2   0   0   6   1   0   1   0   0   0   1   1   0   0   2   0   0   2   0   2   0   2   3   0   0   1   0   0   1   0   0   0   0   0   0   1   1   3   0   0   0   1   0   0   0   0   0   7   1   1   0   0   3   0   0   0   0   0   1   0   1 |  ao = Leopards
   0   6   0   0   0   0   0   0   0   0   0   1   1   0   0   0   0   1   0   0   0   1   0   0   0   0   0   0   0   0   0   1   0   1   0   0   0   0   0   3   1   1   1   0   0   0   0   0   0   2   0   0   0   1   0   0   1   0   0   0   0   0   1   2   1   0   0   0   2   0   0   0   0   0   0   0   0   0   0   1   0   1   0   0   0   0   3   1   0   0   0   0   1   8   1   0   0   1   0   0   0   0 |  ap = flamingo_head
   0   0   0   0   0   0   1   0   0   0   0   1   0   0   0   0   0   3   0   0   1   1   0   2   0   0   0   0   0   0   0   2   0   0   0   1   0   0   0   3   0   1  26   0   1   0   0   0   0   1   3   0   0   0   0   1   0   0   1   1   0   0   0   1   2   0   0   1   0   1   0   0   0   0   0   0   0   0   1   0   0   0   0   0   0   0   0   0   0   0   0   1   0   4   1   0   1   0   0   1   0   0 |  aq = soccer_ball
   0   0   0   0   0   0   0   0   0   0   0   1   0   0   0   1   0   0   0   0   0   4   0   0   1   0   0   0   0   0   0   0   0   1   1   0   0   0   2  12   1   1   0   2   1   0   0   0   0   0   0   0   1   0   0   0   0   0   0   0   1   2   0   1   0   0   1   0   1   0   1   0   0   0   1   0   1   1   0   0   0   0   0   1   0   0   3   3   1   1   2   0   0   3   0   0   0   0   0   0   0   1 |  ar = bass
   0   0   0   1   0   0   0   0   0   0   0   0   0   1   0   0   0   0   0   0   0   0   1   0   2   1   1   0   0   0   0   0   0   0   0   0   0   0   0   4   2   0   0   0  58   2   3   0   1   0   0   0   1   0   0   1   0   0   0   0   0   0   0   0   0   0   1   0   1   0   1   0   0   0   1   0   1   0   0   0   0   0   0   0   0   0   0   0   1   0   0   0   0   0   0   0   0   0   0   0   1   0 |  as = trilobite
   0   0   0   6   1   0   0   0   0   0   0   0   0   0   1   0   0   1   0   0   0   6   1   0   0   3   6   0   2   1   0   0   0   0   0   1   0   1   0   3   2   0   1   0   0  10   1   0   2   2   0   0   2   0   0   1   0   0   0   0   0   1   0  10   0   0   0   0   1   0   1   0   0   0   0   0   1   0   0   0   0   0   3   0   0   0   2   1   2   0   2   0   0   3   0   0   0   0   1   0   1   3 |  at = kangaroo
   0   0   0   2   0   0   0   0   0   0   0   0   0   1   0   0   0   0   0   0   0   0   0   0   1   7   0   0   0   0   0   0   0   0   0   0   0   0   1   0   1   0   0   0   0   6   4   0   0   2   0   0   2   0   0   0   0   0   0   0   1   0   0   2   0   0   0   0   0   0   0   0   0   0   0   0   1   0   0   0   0   0   0   0   0   0   1   0   0   0   0   0   0   0   0   0   0   0   0   0   0   2 |  au = gerenuk
   0   0   0   0   0   0   0   3   0   0   0   0   0   0   1   0   0   1   1   0   0   2   0   0   0   0   0   0   1   0   0   0   0   0   2   0   0   0   0   8   0   0   0   0   0   0   0   5   0   2   0   0   0   0   0   0   0   0   0   0   0   0   0   0   0   0   0   0   1   0   0   0   0   0   1   0   1   0   2   0   0   0   0   0   0   0   1   0   2   0   2   0   0  10   0   0   0   0   0   0   0   1 |  av = pagoda
   0   1   0   0   1   0   0   1   0   0   2   0   1   1   0   0   0   1   0   1   2   0   1   0   0   3   0   0   0   0   0   0   1   0   3   1   1   0   1   8   0   0   0   0   0   3   1   2   6   1   1   0   1   0   1   0   0   0   1   0   1   1   0   3   1   0   2   0   0   1   0   0   0   1   2   0   3   0   0   0   0   0   0   0   0   0   2   0   5   1   3   0   0   2   0   0   1   0   0   0   2   2 |  aw = ibis
   0   0   0   1   0   2   1   0   0   0   0   1   0   0   0   0   0  12   1   0   0   4   0   0   2   0   1   0   2   0   0   0   0   0   3   0   1   2   0  48   3   0   0   0   0   0   0   1   0 191   0   3   1   0   1   0   0   0   0   0   1   0   1   4   0   0   0   1   0   0   1   1   0   1   0   0   1   0   0   0   0   1   0   0   0   0 106   1   0   0   2   2   2  27   1   0   0   0   0   1   0   0 |  ax = Faces
   0   1   0   0   0   0   0   3   0   0   1   0   0   0   0   0   0   0   0   0   0   5   0   0   0   0   1   0   0   0   0   0   0   2   0   0   0   0   1   4   0   0   0   0   0   0   0   0   0   0  37   0   0   0   0   0   0   0   0   0   2   0   0   1   0   0   0   0   0   0   1   0   0   1   0   0   1   0   0   0   0   0   0   0   0   0   0   0   2   0   0   0   0   4   0   0   0   0   0   0   0   0 |  ay = dalmatian
   0   0   3   0   0   0   0   0   0   0   0   0   0   0   0   1   0   4   0   0   0   0   0   0   0   0   0   0   1   1   0   0   0   0   1   0   0   0   0  14   0   0   0   1   4   0   0   0   0   0   0  20   0   0   0   0   0   0   0   0   0   0   0   0   0   0   0   0   0   0   0   0   0   0   0   0   0   0   0   0   0   0   0   0   0   0   0   0   0   0   0   0   0   5   0   0   0   0   0   0   0   0 |  az = accordion
   0   0   0   2   0   0   0   1   0   0   0   0   0   0   0   0   0   0   0   0   0   1   1   0   0   0   1   0   0   0   0   0   0   0   0   0   0   1   0   0   1   0   0   0   2   1   3   0   1   0   0   0  20   0   0   0   0   0   0   0   0   0   0   4   0   0   0   0   0   1   0   0   0   0   0   0   0   1   0   0   0   0   1   0   0   0   1   0   5   1   1   0   0   0   0   0   0   1   0   0   0   3 |  ba = hedgehog
   0   0   0   0   0   0   0   0   0   0   0   0   0   3   0   0   0   0   1   0   1   1   0   0   0   0   2   0   0   0   0   0   0   0   1   0   0   0   0   0   0   0   0   1   0   0   0   0   1   2   0   0   0   6   2   0   3   0   0   0   0   0   0   0   0   0   2   0   0   0   0   0   1   0   0   0   1   0   0   1   0   0   0   0   0   0   3   0   0   0   1   0   0   2   0   0   0   0   0   0   0   0 |  bb = octopus
   0   0   0   0   0   0   0   0   0   0   0   0   0   0   0   0   0   0   0   0   0   2   0   3   2   0   0   0   0   0   0   0   0   0   0   0   0   0   0   3   0   0   0   0   0   0   0   0   0   0   0   0   0   0  11   0   3   0   0   1   0   0   0   0   0   0   0   0   0   0   0   0   0   1   0   0   0   0   0   0   0   0   0   0   0   0   4   0   0   0   0   0   1   9   0   0   0   2   0   0   0   0 |  bc = headphone
   0   1   2   3   0   0   1   0   0   0   1   0   1   0   0   0   0   1   1   1   0   0   0   0   1   0   1   0   0   0   0   3   0   0   0   0   0   1   0   3   0   0   2   0   1   1   0   0   0   1   0   0   3   0   0   8   1   2   0   0   0   0   3   5   1   0   0   0   0   0   0   2   0   0   0   1   2   0   0   0   0   0   0   0   0   0   0   0   0   0   1   0   0   1   0   0   0   1   0   0   0   0 |  bd = pyramid
   1   0   0   0   0   0   0   0   0   0   0   0   0   0   0   1   0   0   0   1   1   1   0   0   0   0   0   0   0   1   0   3   0   0   0   1   0   0   0   2   0   1   1   0   0   0   0   0   0   0   0   1   0   2   0   0   9   0   0   0   0   0   0   1   0   0   0   0   0   0   0   0   0   0   1   0   0   0   0   0   0   0   0   0   1   0   1   0   1   0   0   0   0   5   0   0   0   3   0   0   0   0 |  be = scissors
   1   0   3   0   0   0   0   0   0   1   0   0   0   0   0   1   0   0   0   0   0   0   0   0   0   0   0   0   0   1   0   1   0   0   0   0   1   0   0   1   0   1   0   0   0   0   0   0   0   1   0   0   1   0   1   1   1  34   0   2   0   0   0   1   0   0   0   1   0   0   0   0   0   0   0   0   1   0   0   0   0   1   0   0   0   0   2   0   0   0   1   0   0   0   1   0   0   0   0   0   0   0 |  bf = yin_yang
   0   0   0   0   0   0   1   0   0   0   0   0   0   0   0   0   0   0   0   0   0   4   0   0   0   1   2   0   0   0   0   0   0   0   1   0   0   0   0   5   0   0   0   0   1   0   0   0   1   0   0   0   1   0   0   0   0   0   7   0   1   0   0   0   0   0   0   0   0   0   1   0   0   0   0   0   0   0   0   0   0   0   0   0   0   0   1   1   5   0   1   0   0   0   0   0   0   0   0   0   0   0 |  bg = wild_cat
   0   0   0   0   0   1   0   0   0   0   0   2   1   1   0   1   0   3   0   0   1   2   0   2   0   0   0   0   0   0   0   1   0   0   0   0   2   0   1   3   0   0   1   0   0   0   0   0   0   1   0   1   0   1   0   0   0   0   0   7   0   0   0   0   0   0   0   0   0   0   0   0   0   2   0   0   1   0   0   0   0   0   0   0   0   0   0   0   0   0   0   0   0  13   0   0   0   2   0   0   0   0 |  bh = camera
   0   0   0   0   0   1   1   1   0   0   3   0   0   2   0   0   0   0   3   0   0   3   0   0   1   2   1   0   0   2   0   0   0   1   2   1   0   1   2   4   0   0   0   0   0   2   1   0   0   1   0   0   0   0   1   0   0   0   1   0   1   0   0   6   0   1   0   0   2   0   4   0   0   0   0   0   1   0   0   0   0   1   0   0   0   0   6   0   5   0   1   0   2   5   0   0   0   0   0   0   0   1 |  bi = crab
   0   0   0   1   2   1   1   2   0   0   2   0   2   0   0   0   0   4   1   0   1   6   0   0   0   0   3   0   1   2   0   1   0   1   2   0   2   1   0   9   0   0   0   0   0   4   0   2   0   0   0   0   0   1   0   0   0   0   0   0   0   2   0   0   1   0   0   0   0   0   0   2   0   1   0   0   1   0   3   1   1   0   0   0   0   0   2   0   0   0   3   0   0  15   0   1   1   1   0   0   1   0 |  bj = helicopter
   0   0   2   0   1   0   0   2   0   0   0   1   1   0   0   0   1   2   1   0   0   0   0   0   0   1   1   1   0   0   0   0   0   0   2   0   0   0   0   7   3   2   1   1   1   0   0   0   0   4   0   0   0   1   1   1   1   0   0   0   0   0   9   1   0   0   2   0   0   0   0   0   0   0   1   1   0   2   0   0   0   0   2   0   0   1   4   2   0   0   0   0   1  11   0   0   0   0   0   0   0   0 |  bk = minaret
   0   0   1   1   0   1   0   0   0   0   3   0   0   0   1   1   0   1   2   0   0   1   0   2   1   2   2   0   0   0   0   0   0   0   1   1   0   2   0   4   5   0   0   0   0   1   0   0   0   0   0   0   8   0   0   3   0   2   1   0   0   0   0  14   0   0   0   0   1   3   1   0   0   0   0   0   0   0   0   0   0   0   0   1   0   0   1   0   9   1   3   0   0   3   0   0   1   0   0   0   0   1 |  bl = starfish
   2   2   3   0   0   0   0   0   0   0   0   0   0   0   0   0   0   2   0   0   0   4   0   4   0   0   0   0   0   0   0   0   0   0   0   0   0   0   0   9   1   0   1   0   0   0   0   0   0   2   0   1   0   1   0   0   0   0   0   0   0   1   0   0  40   0   0   1   0   0   0   0   0   0   0   0   0   1   0   0   0   0   0   0   0   1   0   0   0   0   0   0   0  22   1   0   0   0   0   0   0   0 |  bm = grand_piano
   0   0   1   0   0   0   1   0   0   0   0   3   0   0   0   1   1   1   0   1   0   4   0   0   0   0   0   0   0   2   0   0   0   2   0   0   0   1   0   2   0   0   1   0   0   0   0   0   0   1   2   0   0   0   3   0   0   0   0   0   0   0   0   1   1   3   0   0   0   0   0   0   0   1   0   0   0   0   0   0   0   1   0   0   0   1   2   0   0   0   0   0   1   7   1   0   0   0   0   0   1   0 |  bn = ceiling_fan
   0   0   0   0   0   0   0   1   0   0   1   1   3   0   0   1   0   2   0   0   0   0   0   0   3   0   0   2   0   0   0   0   0   0   2   0   0   0   0   2   0   0   0   0   1   1   0   0   2   0   0   0   0   1   0   1   0   0   0   0   0   0   0   1   0   0   1   0   0   0   0   0   0   0   2   0   2   0   1   0   0   0   0   0   0   0   1   0   0   0   1   0   0   4   0   0   1   0   1   0   1   0 |  bo = mayfly
   0   1   1   0   0   0   0   0   1   0   0   0   0   0   0   0   0   0   0   0   0   0   0   4   0   0   0   0   0   1   0   0   0   0   0   0   1   0   1   4   0   0   3   0   0   0   0   0   0   0   0   0   0   0   0   0   0   1   0   0   0   0   0   0   0   0   0   7   0   0   0   0   0   0   0   0   1   0   0   0   0   0   0   0   0   0   0   0   0   0   0   0   0   5   0   0   1   0   0   0   0   0 |  bp = metronome
   0   1   0   1   0   0   1   0   0   0   1   1   0   0   1   0   0   0   1   0   0   2   2   0   0   0   5   0   0   0   0   1   0   1   3   0   0   1   0   2   1   0   0   2   0   4   0   0   1   0   2   0   0   0   0   0   0   0   0   0   0   1   0   0   0   1   0   0   0   0   1   0   0   0   0   2   0   0   0   0   0   0   1   0   0   0   0   1   2   0   0   0   0   1   0   1   0   0   0   0   0   2 |  bq = cougar_body
   1   0   0   0   0   0   0   0   0   0   0   0   0   0   0   0   0   0   0   0   0   0   0   1   0   0   0   0   0   0   0   1   0   0   0   0   0   0   0   3   0   0   0   0   0   1   0   1   1   1   0   0   1   0   0   1   0   0   0   0   0   0   1   3   0   0   0   0   0  12   0   0   0   1   0   0   1   0   0   0   1   0   0   0   0   0   0   0   1   0   0   0   0   3   0   0   0   0   0   0   0   0 |  br = strawberry
   1   0   0   1   0   0   1   0   0   0   1   0   0   0   1   0   0   0   4   0   1   3   0   0   1   1   3   0   0   0   0   0   1   0   3   0   0   3   0   6   0   0   0   1   0   0   0   0   0   0   0   0   0   0   0   0   0   0   1   0   1   0   0   2   0   0   0   0   2   0  18   0   0   0   0   0   2   0   0   0   0   1   0   0   0   0   4   3   0   1   0   0   0   0   0   0   0   0   0   0   1   1 |  bs = cougar_face
   0   0   0   0   1   0   0   0   0   0   1   0   1   0   0   0   0  13   0   0   0   6   0   1   0   0   0   0   0   0   0   0   0   0   2   0   0   1   1   8   0   0   0   0   0   0   0   0   2   3   0   1   0   0   0   0   0   0   0   0   0   3   3   0   0   0   0   0   0   0   0   7   0   0   0   0   0   1   0   1   0   0   0   0   0   0   0   1   0   0   0   0   0   9   0   0   0   0   1   0   0   0 |  bt = ferry
   0   1   1   0   1   0   0   0   0   0   0   0   0   0   0   2   1   2   1   0   1   1   0   0   1   0   0   0   0   1   0   1   0   0   2   1   1   0   0   4   1   1   0   0   0   0   0   0   0   0   0   0   0   0   3   1   0   0   0   0   0   0   1   0   0   0   0   0   0   0   0   0   0   0   0   0   0   0   0   0   0   0   0   1   0   0   2   0   1   0   1   0   0   6   0   0   0   1   0   0   0   1 |  bu = anchor
   0   0   0   0   1   0   0   0   1   1   0   1   1   0   0   0   0   0   0   0   0   6   0   1   0   0   0   0   0   3   0   0   1   0   0   0   0   0   2   1   0   1   0   0   0   0   0   0   0   3   0   0   0   0   1   0   0   0   0   1   0   0   0   0   0   0   0   0   0   0   0   0   0   2   0   0   0   0   0   0   0   0   0   0   0   0   0   1   0   0   0   0   0   3   0   0   0   0   0   0   0   0 |  bv = inline_skate
   0   0   0   0   0   0   0   0   0   1   0   1   1   2   0   0   0   0   0   0   0   3   1   0   3   0   0   0   1   1   0   1   0   0   0   0   0   0   0   3   0   0   0   1   3   0   0   0   1   1   0   1   0   1   0   0   0   0   0   0   0   0   0   0   1   1   0   0   0   1   0   0   0   0  16   0   2   1   0   1   0   0   1   0   0   1   2   0   0   0   0   0   0   2   0   0   0   0   0   0   0   0 |  bw = nautilus
   0   0   0   1   0   0   0   0   1   0   0   1   0   0   1   0   0   1   1   1   1   1   0   0   0   0   1   0   0   0   0   0   0   1   0   0   1   1   1   2   0   0   0   1   2   0   0   0   0   0   0   0   0   0   1   0   0   0   0   0   0   0   2   0   0   1   0   0   0   0   0   0   0   2   0   0   1   0   0   0   0   0   2   0   0   0   2   1   1   1   1   0   0   0   0   0   0   0   0   0   0   0 |  bx = platypus
   0   1   1   0   2   0   0   1   0   0   0   0   2   2   0   0   0   1   1   0   0   1   3   1   0   0   0   0   0   0   0   1   0   0   0   0   0   0   3   4   2   2   1   1   0   1   0   0   1   0   0   0   0   0   0   1   0   0   0   0   0   1   2   1   1   0   1   0   0   0   0   0   0   0   2   0  10   0   0   0   0   0   1   1   0   0   0   0   0   0   0   0   0   7   0   0   3   0   0   0   0   2 |  by = dolphin
   0   1   0   1   0   0   0   1   1   0   0   1   0   4   1   0   0   0   0   0   0   2   1   0   0   1   1   0   0   1   0   0   0   0   0   0   0   1   3   4   1   1   0   0   0   1   0   0   0   1   0   0   1   1   0   0   0   0   0   0   0   0   0   1   1   0   0   0   0   0   0   0   0   1   3   0   0   7   0   0   0   0   1   0   0   0   0   0   0   1   1   0   0   2   0   1   0   0   0   0   0   0 |  bz = rooster
   0   0   0   0   2   0   1   0   0   0   0   0   1   2   0   0   0   0   0   1   5   2   0   1   0   1   0   1   0   1   0   0   0   0   0   0   0   1   0   2   0   0   0   0   0   0   1   0   1   1   0   0   0   0   1   0   0   0   0   0   2   1   0   2   0   0   0   0   0   0   0   0   0   0   0   0   2   0   2   1   0   0   0   0   0   0   2   0   1   0   0   0   0   3   0   0   0   0   0   0   1   0 |  ca = ant
   1   0   0   0   1   0   0   0   0   0   0   3   0   0   0   1   0   6   0   0   1   5   0   0   0   0   0   0   0   1   0   0   1   0   0   0   1   0   1   8   0   0   0   0   1   0   0   1   1   2   0   0   0   0   0   0   1   0   0   0   0   1   0   0   0   0   1   0   0   0   0   0   0   0   1   0   0   0   0  21   0   0   0   0   0   0   0   0   0   0   0   0   0   2   0   0   1   0   0   0   1   0 |  cb = euphonium
   0   0   0   0   1   1   0   1   0   0   0   0   1   0   0   1   0   0   0   0   0   1   0   0   5   0   0   0   0   0   1   0   0   0   0   0   0   0   0   1   0   0   0   0   0   0   0   0   0   0   0   0   0   0   0   0   0   0   0   0   0   0   0   0   0   0   0   0   0   0   0   0   0   0   0   0   0   0   0   0  17   1   0   0   0   0   0   0   0   0   1   0   0   1   0   0   0   1   0   0   0   0 |  cc = garfield
   0   6   0   0   2   0   0   1   0   0   0   0   0   0   1   0   0   0   0   0   0   0   0   0   0   0   0   0   0   1   0   0   0   0   0   0   0   0   0   1   0   0   0   1   0   0   0   0   0   1   0   0   0   0   0   0   0   0   0   0   1   0   0   0   3   1   0   0   0   0   2   0   0   0   1   0   0   0   0   1   0  10   0   0   0   0   1   0   0   0   0   0   0   3   0   0   0   0   0   0   0   0 |  cd = water_lilly
   0   0   0   2   0   0   0   0   0   0   0   0   0   0   2   1   1   1   1   0   0   5   2   0   0   4   1   0   0   0   0   0   0   0   0   0   0   1   0   2   0   0   0   1   2   2   0   0   2   0   1   0   2   0   0   0   0   0   0   0   0   0   0   0   0   0   0   0   0   0   3   0   0   0   0   0   1   0   0   0   0   0   3   0   0   0   0   0   4   0   0   0   0   1   1   0   0   0   0   0   0   0 |  ce = beaver
   0   0   1   0   0   1   0   0   0   1   0   1   1   0   0   1   0   1   0   0   0   0   0   0   0   0   0   0   1   0   0   0   0   0   1   0   0   0   0   3   0   1   0   0   0   0   0   0   0   0   0   0   0   0   3   1   0   0   0   0   0   0   0   0   1   0   0   0   0   0   0   0   0   1   0   0   0   0   0   0   0   0   0   1   0   0   0   1   0   0   0   0   3   8   0   0   0   0   0   0   1   0 |  cf = binocular
   0   0   1   0   0   0   0   0   0   0   0   0   0   0   0   0   0   8   0   0   0   3   0   0   0   1   0   0   0   0   0   0   0   0   0   0   0   0   0   4   0   0   0   0   0   0   0   0   0   1   0   0   0   0   0   0   0   0   0   0   0   0   0   0   0   0   0   0   0   0   0   0   0   0   0   0   0   0   0   0   0   0   0   0  30   0   0   0   0   0   0   0   0   3   0   0   0   0   1   0   0   0 |  cg = dollar_bill
   0   1   0   0   1   0   3   2   1   0   0   0   0   0   1   0   0   0   0   0   0   4   2   0   0   0   1   0   0   1   0   0   0   0   1   1   0   0   0  12   1   1   1   1   1   0   0   0   1   2   0   0   0   0   1   0   0   1   0   1   0   0   2   2   0   0   0   0   0   0   0   0   0   0   0   0   0   0   0   0   0   0   0   0   0   0   4   0   0   1   0   0   1   7   1   0   0   1   0   0   0   0 |  ch = lamp
   0   2   1   0   1   0   1   1   0   1   2   2   2   0   0   1   1   3   0   0   2   8   1   0   0   0   1   0   2   0   0   0   0   0   1   0   1   1   0  15   3   1   0   1   0   1   0   0   0 105   0   1   1   1   0   2   0   1   0   0   1   0   2   0   0   0   1   0   0   0   2   0   0   2   0   1   0   0   0   0   0   0   0   1   0   0 232   1   0   0   1   1   0  18   1   0   0   0   0   2   2   0 |  ci = Faces_easy
   0   1   0   1   0   0   0   0   0   0   1   0   0   0   1   0   0   1   4   0   0   5   1   0   0   1   4   0   0   0   0   0   0   1   4   0   0   4   0   2   2   0   1   0   1   3   0   0   1   2   1   0   1   0   0   0   0   0   0   0   1   0   0   1   1   0   0   0   0   0   1   0   0   0   0   0   1   1   0   0   0   0   0   0   0   1   8   1   2   0   0   0   0   3   0   0   0   0   0   0   0   0 |  cj = elephant
   0   0   0   0   1   0   1   0   0   0   0   0   0   0   0   0   0   0   3   0   0   6   1   0   0   2   1   0   0   1   0   0   0   0   0   1   0   0   1   3  10   0   0   1   0   4   2   0   5   0   1   0   5   0   0   0   0   0   0   0   1   1   0   6   0   0   1   0   0   1   0   0   0   0   0   0   0   3   0   0   0   0   2   0   0   0   1   2  27   1   5   0   0   0   0   0   0   0   0   0   0   0 |  ck = hawksbill
   0   0   0   0   0   0   1   0   0   0   0   0   0   0   0   0   0   0   1   0   0   2   0   0   0   0   0   0   0   2   0   0   0   0   1   0   0   1   0   8   1   0   0   0   0   0   1   0   1   0   1   0   0   0   0   0   0   0   0   0   3   0   0   2   0   0   0   0   1   0   2   0   0   1   0   0   0   0   0   0   0   0   0   0   1   0   2   0   0  17   3   0   0   0   0   0   0   0   0   0   1   0 |  cl = pizza
   0   0   0   0   4   0   9   1   0   0   2   0   0   0   0   0   0   0   0   0   0   7   0   0   0   1   2   0   0   5   0   0   0   1   3   0   0   2   0  14   0   0   0   0   0   0   0   0   0   5   2   0   3   1   0   1   0   0   0   0   1   1   0   4   1   0   0   0   1   1   0   0   0   0   0   0   0   0   0   0   0   0   0   0   0   0   0   0   7   0  46   1   0   1   0   0   0   0   0   0   1   0 |  cm = bonsai
   0   0   0   0   1   4   0   0   0   0   1   0   1   0   0   1   0   2   0   1   0   0   0   0   0   0   0   0   0   0   0   0   0   0   0   0   0   0   0   6   0   0   0   0   0   0   0   0   0   2   0   0   0   0   1   0   0   0   0   0   0   0   0   0   0   0   1   0   0   0   0   0   0   0   0   0   0   0   0   0   0   0   0   0   0   0   1   0   0   0   0  34   0   0   0   0   0   0   0   0   0   0 |  cn = windsor_chair
   1   0   0   0   0   1   0   1   1   0   1   0   0   0   0   0   1   6   0   0   0   7   1   2   0   0   0   0   0   1   0   1   1   1   2   0   0   0   1   6   0   0   0   0   0   0   0   0   1   2   0   1   0   0   0   1   0   0   0   0   0   0   3   1   0   0   0   0   0   0   0   0   0   0   0   0   0   0   0   0   0   0   1   3   0   1   4   0   0   0   0   0   8  14   0   0   0   0   0   0   0   0 |  co = electric_guitar
   1   2   1   2   3   0   2   8   1   1   1   3   2   2   1   1   0  20   0   0   1  25   0   2   0   0   0   1   1   0   0   2   3   0   5   0   2   0   2  17   1   1   0   0   0   0   0   1   6  20   2   2   0   2   2   1   2   0   0   4   1   4   2   4   8   2   2   2   0   0   0   1   0   1   2   0   0   2   0   2   0   3   0   0   1   3  10   2   0   0   0   0   1 581   4   0   4   0   0   1   1   0 |  cp = airplanes
   0   0   6   0   0   0   0   0   1   0   0   0   0   0   0   0   0   4   0   0   0   2   1   1   0   0   0   0   0   0   0   1   0   0   0   0   0   0   0  11   0   0   0   0   0   0   0   0   0   1   0   2   0   0   1   0   0   1   0   1   0   0   0   0   1   0   0   0   0   0   0   1   0   1   2   0   0   0   0   1   0   0   0   2   1   0   1   0   0   0   0   0   3   5   6   0   1   0   0   1   0   0 |  cq = cellphone
   0   0   0   0   1   0   0   0   0   0   1   1   0   0   0   1   1   0   0   0   0  12   0   0   2   1   0   0   0   0   0   0   0   0   2   0   0   0   0  16   0   0   0   0   0   0   0   0   0   4   1   0   0   0   0   0   0   0   0   0   0   1   0   0   1   0   0   0   0   0   1   0   0   0   0   0   0   0   0   0   0   0   0   0   0   0   3   0   0   0   1   0   1   7   0   1   0   0   0   0   0   0 |  cr = wheelchair
   0   1   0   0   0   0   0   1   0   0   1   0  15   0   0   0   0   5   0   0   0   5   0   0   1   0   0   1   0   1   0   1   0   0   0   0   0   0   0   7   0   1   0   0   1   2   0   1   0   6   0   0   0   0   0   0   1   1   0   0   0   0   1   0   1   0   0   0   1   0   0   1   1   0   3   0   1   0   0   3   0   0   0   0   0   0   3   0   0   0   0   0   0  35   0   0  12   0   0   0   0   0 |  cs = ketch
   0   0   0   0   1   1   0   0   1   0   0   0   1   1   0   2   0   1   0   1   0   3   1   0   1   0   0   0   2   1   0   0   0   0   0   1   1   0   0   1   0   0   0   0   0   1   0   0   0   0   0   0   0   1   0   0   1   1   0   2   0   1   0   0   1   0   0   0   0   0   0   0   0   0   0   0   0   0   0   0   1   1   0   0   0   0   3   0   0   0   0   0   1   2   0   0   0   2   0   1   0   0 |  ct = wrench
   0   0   0   0   1   0   0   2   0   0   0   0   0   0   0   0   0   1   0   0   0   3   0   0   0   1   4   0   0   0   0   0   0   0   2   0   0   0   0  11   1   0   0   0   0   2   0   0   1   3   0   0   0   0   0   0   0   0   0   0   0   1   0   1   0   0   0   0   0   0   0   0   0   0   0   0   0   0   0   0   0   0   0   0   0   0   0   0   1   0   1   0   0   2   0   0   0   0   0   0   0   1 |  cu = okapi
   0   1   1   1   0   0   0   0   0   0   0   0   0   0   0   0   0   2   0   0   0   4   0   1   3   0   0   0   0   0   0   0   0   0   1   0   0   1   1   4   1   1   0   0   1   0   0   1   0   2   1   0   0   0   0   0   0   0   0   1   0   0   0   1   0   0   0   0   0   0   0   0   0   0   0   0   0   0   0   0   1   0   0   0   1   0   4   1   0   0   0   0   1   5   0   0   2   3   0   0   0   0 |  cv = barrel
   0   0   0   2   1   0   0   0   0   0   1   1   2   1   0   0   1   1   2   0   3   3   2   0   0   1   0   0   0   1   2   0   0   0   1   0   1   1   1   4   0   0   0   0   0   1   3   0   3   1   2   0   0   0   0   0   0   0   0   0   2   0   0   0   0   0   0   0   2   0   1   0   1   0   0   0   1   0   0   0   0   0   0   0   0   0   5   1   2   0   1   0   1   7   1   0   1   0   0   0   2   0 |  cw = crayfish
   0   0   0   3   0   0   0   0   0   0   0   0   0   0   0   0   0   0   2   0   0   1   1   0   2   2   1   0   0   0   1   0   0   0   0   0   0   2   1   3   0   0   0   0   1   4   0   0   2   1   0   0   3   0   0   1   0   0   1   0   0   0   0   3   0   0   0   0   1   0   2   0   0   0   0   0   0   0   0   0   0   0   0   0   0   0   1   0   5   1   0   0   0   0   0   0   1   0   0   0   0   5 |  cx = crocodile_head

